51799
13776
32365
35129
26078
53482
29853
10212
36835
53351
58354
5524
24195
38735
29993
49286
17549
33016
40632
35911
40963
13100
57087
8093
10299
39117
62815
16241
56921
57112
14924
14046
17589
40096
47286
5105
58867
37000
61286
45111
10187
52903
38546
29219
10618
23186
36994
29399
63412
5108
25203
41334
47257
55969
32897
9113
63374
11407
7025
32912
56176
27582
27914
44230
38736
61949
7738
16904
42874
7482
60765
45885
38799
21551
16700
5120
58379
29127
39547
49524
40685
6401
36913
24335
32194
48223
8348
56042
56334
63170
64418
38738
39291
34934
7445
7404
62566
32368
38957
28822
4269
56157
5913
3028
36166
28322
63630
42207
49727
17633
34048
11813
12789
29775
50363
25309
44089
42355
39682
41241
14012
4827
61349
59384
13283
18541
37762
25752
32305
26927
54357
49165
23345
29009
15467
13990
45866
52665
4735
41741
58261
49920
55339
63671
40736
51098
14804
61196
34701
63571
52306
50052
49656
48994
12941
19320
34192
15754
10989
73
13663
56854
55570
6272
45094
6791
57103
6275
13135
62835
29105
60395
6231
17860
10289
36772
19543
63642
28862
33511
12473
59505
6986
42055
30651
32924
37528
16001
63686
54332
5085
59608
44176
5269
26219
30434
22854
60312
23121
40390
41058
29001
15796
44918
23543
34207
51274
63919
40207
55412
59848
64666
20925
59088
57071
63000
7379
33859
53243
47486
19453
76
38453
43421
205
47013
42008
842
34559
34643
10165
45753
50016
34913
34897
19653
33899
7975
15005
47242
64834
27694
26837
50165
40505
49042
8627
37162
61721
50741
10410
12690
52155
47793
20377
12172
38657
11958
40075
28723
11147
50385
49321
5364
52815
62143
24537
38796
42625
10600
56614
42103
61805
22049
18150
32303
43273
59529
16806
24851
1200
30246
37153
17059
33137
53346
61147
53595
7800
18341
1271
8895
27404
50823
40230
32193
29690
3956
52841
1696
44864
23862
21413
16615
43911
57449
20646
51879
36571
32977
60825
60328
45627
7764
6705
33365
55120
33316
60515
4260
22612
49578
53856
41977
8356
598
53091
42363
25770
7126
17974
19318
45627
19840
11909
2594
42236
10330
45555
34979
62924
33112
65358
61670
48662
2872
969
64527
12582
30051
49048
37890
9225
14672
7073
56087
63634
47776
48245
40948
45025
60334
64218
53927
27890
12448
20167
15332
48551
60143
28263
9753
57858
40565
45724
41932
39575
29750
64701
54780
64057
30205
4432
55866
20695
62815
51318
37051
40775
26712
29185
4565
35603
41576
42906
44401
32551
47790
34540
37120
24523
29245
59108
30571
57154
23165
47519
64579
20800
58706
3989
40719
43038
35095
27440
9816
46148
5333
36234
47926
34181
38420
6372
48896
64865
60749
17072
25658
55353
35025
63709
31749
10511
9189
60445
38953
65425
51533
44509
41471
37116
27105
48211
50688
12950
53489
58402
9426
1429
40406
46457
5069
47480
44065
1241
61938
61520
16042
7576
12816
55680
40341
45273
22746
39031
12424
56863
21720
11976
34019
24181
61536
24925
63546
48959
47445
32869
49589
18867
51630
65097
60826
14052
29939
21710
11666
57642
15397
9608
35340
62042
10544
44452
28216
64858
5992
16731
58422
22748
40367
23343
21229
31556
37714
64206
40554
1199
12382
18734
10058
18054
59293
16277
2405
38771
33172
65489
58963
31316
3954
37258
363
24015
49279
21753
253
1029
57140
872
6114
60855
33372
62234
64349
7442
15667
17363
61411
18902
7483
60493
31782
1466
33
31961
20598
7138
5456
2436
35391
42163
45171
39788
21346
18161
18966
59099
40065
5006
11270
51091
17362
27145
14020
14209
53238
43705
62899
29507
13361
60038
51164
48306
4383
54100
52402
27421
3831
50444
64961
38073
17706
49198
487
49553
59994
45857
53948
34818
34827
12966
58250
16919
45844
10928
41159
58265
25828
39766
33206
22398
54955
23555
37377
16823
34368
14763
216
62862
29172
39412
31933
23088
48123
22748
43280
9062
44227
34676
60015
38369
23773
27619
58354
14700
22508
64662
61183
43375
64076
38249
25654
49835
38691
54468
58435
60669
5273
7120
50516
14065
23626
48847
5013
32684
65208
25781
2840
28698
48704
46842
54751
34560
26758
22187
35734
53830
49483
2621
47238
900
5853
27401
63525
39918
64411
41284
50189
50503
10510
19705
27713
47138
40086
55564
5978
1039
60316
40502
41842
47704
49629
24075
43253
82
41016
23839
47512
24712
45371
22086
9653
56163
54112
29444
9039
5543
33527
42442
37542
34387
53296
9449
56883
29583
1072
16482
36382
16500
33575
31757
13115
45311
7490
19085
51795
40852
42260
16129
51080
15686
54360
17151
41446
34110
22353
48915
8765
34983
6315
36144
29995
46512
29447
37213
16473
7597
57105
31959
54580
65099
44338
17861
18848
48356
48350
28995
24535
64162
22913
20899
64513
8632
6716
42729
38456
36999
1641
44797
60694
29807
18803
9394
58778
11424
25836
9335
21412
12917
19664
37325
36984
41582
61180
50540
42298
33664
55586
53267
9244
21462
34684
64717
63054
34616
12019
60998
44367
60809
57141
24770
46463
9317
47358
25780
60621
38635
49748
40994
3300
18400
64141
38406
25224
60737
37444
5697
61046
20149
15533
15698
9468
33630
6121
62635
37644
35897
38254
51617
8217
59398
35494
32201
64899
31249
22695
42638
34175
26299
8360
32385
58859
9566
48614
6327
60942
53192
48466
4186
19185
55681
35711
41997
60178
38298
23270
45235
51661
56901
58100
59733
35723
30410
40100
58629
51053
23639
57123
34645
43084
48505
36623
63320
26545
8271
37096
54151
40958
54722
64529
53587
18912
442
2862
11604
35391
40559
57629
40848
951
10484
39829
17949
53097
24653
34207
45603
24242
19376
307
63398
32951
51620
26699
631
28020
15745
28417
10660
49881
42177
47644
57844
43374
57035
27667
54915
6950
16810
26135
38927
27432
35303
12187
30361
30209
46150
46370
8624
14796
39779
60246
63598
19240
6569
30081
55071
41178
38822
37620
62407
23279
4171
11730
30939
29982
48488
4993
62605
7603
28756
19341
1796
46167
35266
39419
37341
9460
6730
28004
53830
29985
53187
31870
33977
23533
25538
57872
26740
44821
35538
38341
6460
19361
17130
13415
23081
64817
32846
26357
9285
17564
56077
9657
23097
57080
6693
8138
7923
38644
30052
51163
58040
26339
41315
49598
10356
53060
17102
32867
24287
46850
9458
61109
30194
17826
31822
40695
54314
9986
